delta:  [4.236231633166608e-05, 3.972789396969373e-05, 3.873636034933083e-05, 3.7756679347184175e-05, 2.9826533909295212e-05, 1.9628427005729518e-05, 1.6595440355033785e-05, 1.151140916186278e-05, 9.196457579525194e-06, 6.1438558200584885e-06, 2.7712977596979895e-06, 1.6775439005700263e-06, 5.991819366970044e-08, 1.5714770701869856e-09, 1.5714770701869856e-09, 1.5714770701869856e-09]

dv_max:  [0.0, 9.999500033330834e-05, 0.00029995500899797546, 0.000499875041651048, 0.0009995003330835331, 0.001998002662673056, 0.002496880198587199, 0.002995508979798479, 0.00349388925425578, 0.003992021269537453, 0.004489905272852052, 0.004987541511039074, 0.005982071677547464, 0.006478966097709122, 0.006975613736425242, 0.009950330853168083]

dv_range = [0, 0.0001, 0.0003, 0.0005, 0.001, 0.002, 0.0025, 0.003, 0.0035, 0.004, 0.0045, 0.005, 0.006, 0.0065,  0.007,  0.01]  # amount of available correction velocity
    
step_range = [1, 10,     10,     10,    20,    20,     20,     30,    30,     30,    60,     80,    80,    300,   600,    1000]